function [x,w] = quad_gauss_exp(p, N)
%function [x,w] = quad_gauss_exp(p, N)
%
%   Return the abscissae and weights of the guass quadrature rule w.r.t.
%   the weight function exp(-x^p) on [0,infinity).

% $Id: quad_gauss_exp.m 2 2006-11-03 09:18:49Z daan $

beta2 = [...
    8.8622692545275794e-01; ...
    1.8169011381620931e-01; ...
    3.4132512895943923e-01; ...
    5.0496215298800173e-01; ...
    6.7026419463961895e-01; ...
    8.3617049928031095e-01; ...
    1.0023478510110109e+00; ...
    1.1686711647442729e+00; ...
    1.3350829222423355e+00; ...
    1.5015525993447618e+00; ...
    1.6680623621881157e+00; ...
    1.8346010527937677e+00; ...
    2.0011613185512136e+00; ...
    2.1677381117632653e+00; ...
    2.3343278495405007e+00; ...
    2.5009279171337031e+00; ...
    2.6675363609572016e+00; ...
    2.8341516916678331e+00; ...
    3.0007727537827189e+00; ...
    3.1673986369644282e+00; ...
    3.3340286142031097e+00; ...
    3.5006620978281155e+00; ...
    3.6672986076183931e+00; ...
    3.8339377472958320e+00; ...
    4.0005791869361946e+00; ...
    4.1672226496283322e+00; ...
    4.3338679012299517e+00; ...
    4.5005147424120970e+00; ...
    4.6671630024168236e+00; ...
    4.8338125341123259e+00; ...
    5.0004632100412021e+00; ...
    5.1671149192366483e+00; ...
    5.3337675646378022e+00; ...
    5.5004210609766746e+00; ...
    5.6670753330391603e+00; ...
    5.8337303142250629e+00; ...
    6.0003859453488930e+00; ...
    6.1670421736354966e+00; ...
    6.3336989518748705e+00; ...
    6.5003562377071322e+00];

alpha2 = [ ...
   5.6418958354775628e-01; ...  
   9.8842539284680053e-01; ...  
   1.2859676193639396e+00; ... 
   1.5247208440801157e+00; ...
   1.7301922743094393e+00; ...
   1.9134998431431025e+00; ...
   2.0806203364008331e+00; ...
   2.2352283805046396e+00; ...
   2.3797824435046371e+00; ...
   2.5160256434438666e+00; ...
   2.6452479250569532e+00; ...
   2.7684359535042553e+00; ...
   2.8863645940326959e+00; ...
   2.9996556533536016e+00; ...
   3.1088171759249228e+00; ...
   3.2142706360711251e+00; ...
   3.3163702970830915e+00; ...
   3.4154173324133348e+00; ...
   3.5116703446156330e+00; ...
   3.6053533459055620e+00; ...
   3.6966619115045956e+00; ...
   3.7857679927002184e+00; ...
   3.8728237301852304e+00; ...
   3.9579645104229901e+00; ...
   4.0413114410344022e+00; ...
   4.1229733747796171e+00; ...
   4.2030485788720124e+00; ...
   4.2816261227681931e+00; ...
   4.3587870403899007e+00; ...
   4.4346053100412863e+00; ...
   4.5091486858078067e+00; ...
   4.5824794070596129e+00; ...
   4.6546548072210108e+00; ...
   4.7257278387550015e+00; ...
   4.7957475280435622e+00; ...
   4.8647593712768433e+00; ...
   4.9328056804435141e+00; ...
   4.9999258868996694e+00; ...
   5.0661568087079756e+00; ...
   5.1315328868942753e+00];

alpha3 = [ ...
    .505468088156089278; ...
    .722634866483336913; ...
    .869288275769593961; ...
    .974992205152318473; ...
    1.06116981441957657; ...
    1.13511192611702987; ...
    1.20043476777178560; ...
    1.25929365194560712; ...
    1.31308988075541684; ...
    1.36279245062441141; ...
    1.40910309928195664; ...
    1.45254847267552663; ...
    1.49353520857251117; ...
    1.53238465909147367; ...
    1.56935573794243436; ...
    1.60466049550434600; ...
    1.63847505705132620; ...
    1.67094750199342064; ...
    1.70220366537327489; ...
    1.73235149201631925; ...
    1.76148435994112789; ...
    1.78968365525986860; ...
    1.81702079400472831; ...
    1.84355882888559822; ...
    1.86935374015474358; ...
    1.89445548298721214; ...
    1.91890884500791656];

beta3 = [...
    .892979511569249211; ...
    .117784185763223186; ...
    .169740042861290430; ...
    .262830346341909935; ...
    .218167431391728268; ...
    .343059035570295410; ...
    .304214389945700964; ...
    .448757383543391565; ...
    .481285557260651248; ...
    .379874883916378545; ...
    .415020147713950199; ...
    .601983163020630107; ...
    .573016757677671510; ...
    .543303252009765915; ...
    .512759661166688881; ...
    .763354965388519407; ...
    .737715067643889209; ...
    .813393502763977077; ...
    .788572279060647625; ...
    .630272015034998634; ...
    .657942315808526810; ...
    .685044658483777783; ...
    .711622835081967123; ...
    .885706311259823852; ...
    .909158220307066748; ...
    .837842359457576977; ...
    .861940196558296803];

alpha4 = [ ...
    .488870533723461898; ...
    .628186415222786292; ...
    .727498462528998863; ...
    .793166677678568906; ...
    .845500680703693041; ...
    .889473857326751064; ...
    .927687200025916231; ...
    .961656644160009384; ...
    .992347246867755546; ...
    1.02041712152070834; ...
    1.04633727015121681; ...
    1.07045759026506736; ...
    1.09304583505032197; ...
    1.11431190963025513; ...
    1.13442371000222805; ...
    1.15351783193578998; ...
    1.17170703623884939; ...
    1.18908559020117583; ...
    1.20573317628463594; ...
    1.22171780897369849; ...
    1.23709804933385687; ...
    1.25192471229388612; ...
    1.26624220096837943; ...
    1.28008956239119598; ...
    1.29350133215926888; ...
    1.30650821705044105; ...
    1.31913765180334857; ...
    1.33141425710835742; ...
    1.34336021927536234; ...
    1.35499560723757641];

beta4 = [ ...
    .906402477055477077; ...
    .0989947212905798668; ...
    .123603914904910432; ...
    .148432553368392115; ...
    .170375773125091272; ...
    .189936431666582405; ...
    .207743349429155385; ...
    .224180069827530438; ...
    .239514388414500456; ...
    .253938729951888212; ...
    .267596133250992094; ...
    .280596111140385403; ...
    .293024592855608388; ...
    .304950413365221009; ...
    .316429692749572428; ...
    .327508880632577698; ...
    .338226928275349051; ...
    .348616873955826081; ...
    .358707023529007263; ...
    .368521845262611039; ...
    .378082658888783777; ...
    .387408173741684338; ...
    .396514914406449195; ...
    .405417561281325471; ...
    .414129225917310555; ...
    .422661675752403354; ...
    .431025519144236871; ...
    .439230358937239324; ...
    .447284920857441458; ...
    .455197161594679140];

alpha5 = [ ...
    .483170345782023117; ...
    .582114790154206357; ...
    .658502662810284719; ...
    .705856280660195402; ...
    .743147956303568625; ...
    .774013150944300907; ...
    .800567817074618468; ...
    .823976154294949343; ...
    .844975292957280838; ...
    .864062931036796511; ...
    .881592495481037199; ...
    .897824816145451824; ...
    .912958345092248823; ...
    .927147869191795321; ...
    .940516632280114710; ...
    .953164486389901940; ...
    .965173546455382756; ...
    .976612218604300876; ...
    .987538136204957417; ...
    .998000342887063134; ...
    1.00804094436237748; ...
    1.01769637787489942; ...
    1.02699840142427248; ...
    1.03597487429371701; ...
    1.04465037989010237; ...
    1.05304672786667539; ...
    1.06118336272385997; ...
    1.06907769916418189; ...
    1.07674539950587866; ...
    1.08420060483866155];

beta5 = [...
    .918168742399760610; ...
    .0909295461234444835; ...
    .103494113533152825; ...
    .119585209135755574; ...
    .133275044583918760; ...
    .145271561365366816; ...
    .156005425029162140; ...
    .165763300346304494; ...
    .174745780067874739; ...
    .183095220740268394; ...
    .190916610894574045; ...
    .198289635540629597; ...
    .205276307002944027; ...
    .211925914926819968; ...
    .218278349458969872; ...
    .224366398482735523; ...
    .230217377355806485; ...
    .235854311816345817; ...
    .241296814067690034; ...
    .246561743347343325; ...
    .251663712013228344; ...
    .256615478863115694; ...
    .261428258778750890; ...
    .266111969354612915; ...
    .270675429427641276; ...
    .275126520440649000; ...
    .279472318763344944; ...
    .283719205084334873; ...
    .287872955528193065; ...
    .291938818078899066];
